I used the follwing test case for speed test

plain_tower(4,_,counts([_,2,_,2],[3,_,_,_],[_,_,_,2],[2,_,_,_])). 

In this test case the ratio between Plain tower and tower = 0.243 


Here are a few ambiguous puzzles for 

N=4 

C = counts([4,2,2,1],[1,2,2,4],[4,2,2,1],[1,2,2,4])
T1 = [[1,2,3,4],[2,4,1,3],[3,1,4,2],[4,3,2,1]]
T2 = [[1,2,3,4],[2,1,4,3],[3,4,1,2],[4,3,2,1]] ? ;

C = counts([4,2,2,1],[1,2,2,4],[3,2,2,1],[1,2,2,3])
T1 = [[1,3,2,4],[2,4,1,3],[3,1,4,2],[4,2,3,1]]
T2 = [[1,3,2,4],[2,1,4,3],[3,4,1,2],[4,2,3,1]] ? ;

C = counts([4,2,2,1],[1,2,2,4],[4,2,2,1],[1,2,2,4])
T1 = [[1,2,3,4],[2,1,4,3],[3,4,1,2],[4,3,2,1]]
T2 = [[1,2,3,4],[2,4,1,3],[3,1,4,2],[4,3,2,1]] ? ;

C = counts([4,2,2,1],[1,2,2,4],[3,2,2,1],[1,2,2,3])
T1 = [[1,3,2,4],[2,1,4,3],[3,4,1,2],[4,2,3,1]]
T2 = [[1,3,2,4],[2,4,1,3],[3,1,4,2],[4,2,3,1]] ? ;

C = counts([3,3,1,2],[2,1,3,3],[3,3,1,2],[2,1,3,3])
T1 = [[1,2,4,3],[2,3,1,4],[4,1,3,2],[3,4,2,1]]
T2 = [[1,2,4,3],[2,1,3,4],[4,3,1,2],[3,4,2,1]] ? ;



N=5 

C = counts([5,4,2,2,1],[1,2,2,3,3],[5,3,3,2,1],[1,2,2,3,3])
T1 = [[1,2,3,4,5],[2,3,5,1,4],[3,4,1,5,2],[4,5,2,3,1],[5,1,4,2,3]]
T2 = [[1,2,3,4,5],[2,3,5,1,4],[3,4,2,5,1],[4,5,1,3,2],[5,1,4,2,3]] ? ;

C = counts([5,4,2,2,1],[1,2,2,3,3],[5,3,3,2,1],[1,2,2,3,3])
T1 = [[1,2,3,4,5],[2,3,5,1,4],[3,4,1,5,2],[4,5,2,3,1],[5,1,4,2,3]]
T2 = [[1,2,3,4,5],[2,3,1,5,4],[3,4,5,1,2],[4,5,2,3,1],[5,1,4,2,3]] ? ;

C = counts([5,4,2,2,1],[1,2,2,3,3],[5,3,3,2,1],[1,2,2,3,3])
T1 = [[1,2,3,4,5],[2,3,5,1,4],[3,4,2,5,1],[4,5,1,3,2],[5,1,4,2,3]]
T2 = [[1,2,3,4,5],[2,3,5,1,4],[3,4,1,5,2],[4,5,2,3,1],[5,1,4,2,3]] ? ;

C = counts([5,4,2,2,1],[1,2,2,3,3],[5,3,3,2,1],[1,2,2,3,3])
T1 = [[1,2,3,4,5],[2,3,5,1,4],[3,4,2,5,1],[4,5,1,3,2],[5,1,4,2,3]]
T2 = [[1,2,3,4,5],[2,3,1,5,4],[3,4,5,1,2],[4,5,2,3,1],[5,1,4,2,3]] ? 


